233270000
233270001
233270002
233270003
233270004
233270005
233270006
233270007
233270008
233270009
233270010
233270011
233270012
233270013
233270014
233270015
233270016
233270017
233270018
233270019
233270020
233270021
233270022
233270023
233270024
233270025
233270026
233270027
233270028
233270029
233270030
233270031
233270032
233270033
233270034
233270035
233270036
233270037
233270038
233270039
233270040
233270041
233270042
233270043
233270044
233270045
233270046
233270047
233270048
233270049
233270050
233270051
233270052
233270053
233270054
233270055
233270056
233270057
233270058
233270059
233270060
233270061
233270062
233270063
233270064
233270065
233270066
233270067
233270068
233270069
233270070
233270071
233270072
233270073
233270074
233270075
233270076
233270077
233270078
233270079
233270080
233270081
233270082
233270083
233270084
233270085
233270086
233270087
233270088
233270089
233270090
233270091
233270092
233270093
233270094
233270095
233270096
233270097
233270098
233270099
